# N     L       d       S

# Subtask 1: Esempi
#ST:0
#COPY: testo/rsa.input0.txt
#COPY: testo/rsa.input1.txt

# Subtask 2: N < 1000, L = 1, d = 3
#ST:25
40      1       3       1
40      1       3       2
40      1       3       3
45      1       3       4
45      1       3       5
45      1       3       6

# Subtask 3: N < 1 000 000, L = 1
#ST:25
100     1       -1      7
200     1       -1      8
500     1       -1      9
700     1       -1      10 
1000    1       -1      11
5000    1       -1      12

# Subtask 4: N < 1 000 000
#ST:10
100     50      -1      13
200     80      -1      14
500     100     -1      15
700     100     -1      16   
1000    100     -1      17
5000    100     -1      18

# Subtask 5: no limits
#ST:40
20000   100     -1      19 
25000   100     -1      20
30000   100     -1      21
35000   100     -1      22
40000   100     -1      23
40000   100     -1      24
