100
-80 -1 -24 -16
-15 -30 -7 -47
-90 -21 -1 -70
-98 -77 -37 -97
-90 -21 -57 -71
-94 -46 -87 -66
-56 -41 -23 -46
-61 -75 -16 -86
-66 -48 -44 -71
-97 -8 -94 -53
-74 -29 -24 -59
-76 -68 -46 -97
-77 -53 -35 -80
-62 -41 -49 -60
-92 -11 -4 -15
-58 -10 -41 -80
-50 -70 -10 -93
-88 -38 -24 -93
-98 -29 -44 -93
-23 -16 0 -77
-87 -43 -43 -68
-64 -40 -53 -65
-73 -67 -47 -79
-22 -47 -20 -63
-36 -62 -31 -97
-76 -19 -41 -31
-31 -36 -1 -88
-89 -24 -39 -79
-52 -14 -49 -41
-45 -56 -28 -75
-67 -70 -44 -84
-66 -35 -20 -94
-51 -16 -11 -77
-47 -2 -3 -74
-60 -41 -49 -81
-95 -62 -59 -64
-84 -15 -2 -63
-40 -47 -16 -59
-84 -25 -24 -99
-60 -51 -39 -97
-20 -18 -18 -24
-93 -35 -25 -57
-92 -5 -13 -35
-38 -87 -6 -99
-93 -68 -65 -88
-90 -4 -34 -83
-74 -30 -20 -82
-51 -50 -48 -83
-77 -18 -68 -75
-87 -28 -83 -86
-75 -5 -70 -29
-3 -55 -2 -63
-55 -35 -33 -45
-87 -15 -70 -49
-92 -12 -17 -63
-67 -2 -29 -49
-69 -87 0 -95
-73 -2 -55 -28
-52 -69 -16 -96
-93 -13 -52 -25
-78 -4 -49 -37
-61 -8 -50 -95
-58 -7 -11 -29
-93 -60 -44 -90
-89 -12 -15 -72
-89 -40 -11 -95
-80 -51 -53 -73
-59 -6 -35 -11
-47 -6 -46 -73
-17 -28 -12 -43
-54 -63 -48 -79
-76 -29 -46 -31
-82 -25 -16 -93
-86 -4 -78 -15
-67 -22 -65 -87
-23 -45 -7 -48
-58 -19 -13 -49
-66 -8 -34 -92
-40 -61 -26 -84
-59 -47 -47 -80
-90 -20 -86 -31
-73 -8 -30 -9
-87 -38 -78 -71
-48 -7 -42 -11
-71 -39 -28 -47
-75 -35 -59 -47
-92 -2 -84 -63
-48 -7 -41 -62
-66 -64 -59 -73
-41 -24 -13 -74
-48 -57 -36 -79
-84 -11 -73 -57
-64 -14 -31 -48
-31 -89 -14 -94
-40 -64 -24 -91
-98 -52 -82 -94
-62 -51 -10 -60
-72 -8 -42 -28
-82 -4 -12 -70
-77 -70 -56 -72
