100
40 55 68 33
52 50 73 43
24 34 63 16
46 62 90 38
22 52 66 49
19 46 84 32
65 26 94 18
25 89 39 29
42 73 80 54
43 78 79 8
36 23 99 16
30 57 43 52
41 72 54 16
30 37 97 16
5 69 63 68
9 60 71 46
76 83 89 21
22 85 34 84
39 89 52 80
36 53 73 12
85 79 94 74
31 38 74 24
2 99 33 48
39 73 75 40
6 81 10 4
38 92 92 89
47 55 76 13
19 23 41 13
22 85 99 2
12 39 88 14
19 66 36 48
34 49 65 27
76 87 91 71
58 90 89 1
19 91 97 18
6 81 10 23
4 95 42 25
56 63 96 60
29 69 45 62
41 33 74 0
85 57 87 9
48 68 56 34
45 58 68 7
75 55 97 22
24 57 89 31
64 16 82 3
30 78 31 24
37 63 82 62
45 37 95 14
47 63 59 46
31 31 73 24
36 77 60 24
34 43 89 17
58 74 69 1
14 49 99 10
4 59 66 20
6 53 53 35
18 54 66 20
46 33 58 30
18 89 71 12
39 78 58 31
64 98 66 39
36 69 83 6
43 92 54 78
10 83 16 5
44 67 90 13
43 92 71 59
6 63 25 27
4 84 14 40
25 25 91 23
47 64 71 13
14 91 60 53
18 18 68 14
38 87 60 10
11 92 23 28
68 79 99 69
32 73 52 34
49 83 93 4
4 56 36 11
84 94 98 67
31 46 45 4
74 73 97 22
14 88 92 22
2 24 31 19
28 68 56 28
11 75 30 19
33 15 54 9
1 79 63 4
1 74 88 29
8 51 40 8
23 68 68 50
50 76 87 24
13 75 95 32
25 86 75 26
36 30 97 10
34 94 35 17
55 55 73 50
6 5 92 4
34 38 50 6
18 34 57 7
