100
9 14 10 -89
-70 -31 -3 -39
-73 -24 58 -42
2 79 72 -89
-7 -18 98 -58
-95 -22 97 -89
-68 67 97 -87
14 30 97 13
-93 62 39 34
-60 98 64 -3
58 92 70 79
-81 51 -44 33
-37 26 -27 20
-81 29 -30 -27
3 -20 13 -75
-98 46 14 -93
63 63 67 58
17 21 73 -15
52 -17 93 -67
0 21 67 -48
-96 61 -39 -98
-38 74 41 -72
-1 -1 17 -12
4 75 82 -61
9 19 42 -86
-20 73 -4 31
-39 96 77 17
-56 99 -3 -2
-37 87 55 42
7 24 99 -55
51 -50 92 -90
-21 50 41 -56
33 0 46 -66
-57 -25 37 -61
-25 66 5 -84
-70 -66 -6 -96
57 83 82 -50
40 74 66 -21
48 85 50 -77
-7 7 76 -50
-72 88 -43 55
-94 -33 74 -90
52 36 64 29
-91 -25 50 -61
-61 55 55 -55
4 78 93 43
10 48 87 8
-88 57 -80 10
-30 -17 19 -60
-63 90 -59 41
-35 -22 34 -45
36 15 95 -94
-1 83 54 35
-33 22 59 -59
-86 81 9 12
-84 -46 -9 -56
8 98 51 23
-94 -50 -79 -98
-29 -70 43 -86
-16 94 77 91
51 98 99 24
-26 14 15 -57
-80 83 -37 44
22 0 90 -24
-39 71 24 24
0 82 16 -27
61 31 72 -8
-3 7 42 -77
-63 71 -15 37
53 77 86 -9
8 58 82 -47
-57 92 -15 51
-30 9 59 -65
-18 87 51 40
44 -78 60 -96
-40 -35 72 -56
52 7 95 -96
31 23 91 -16
-92 86 -36 8
-55 95 12 75
-24 8 -4 -5
-90 -10 -48 -38
-37 28 45 -35
-53 37 67 -61
24 -35 65 -43
-59 -48 98 -72
-71 91 32 -35
40 74 77 -36
-61 19 21 -62
-89 74 31 47
-33 5 22 -5
32 69 34 -28
-88 43 -29 -78
-83 -24 -35 -39
-80 72 55 -65
45 -57 59 -82
-38 37 35 -73
64 88 84 -55
-78 -79 25 -93
-2 16 35 -47
