100
-71 -44 -12 -67
-84 -47 -58 -75
-63 -36 -51 -68
-87 -7 -50 -97
-19 -55 -10 -76
-47 -65 -18 -91
-86 -9 -55 -70
-95 -59 -90 -97
-62 -40 -22 -48
-85 -15 -70 -34
-88 -29 -87 -36
-86 -20 -35 -71
-80 0 -9 -69
-96 -18 -18 -51
-67 -48 -11 -63
-38 -63 -3 -84
-96 -2 -52 -63
-92 -2 -56 -36
-99 -19 -76 -92
-77 -16 -20 -76
-64 -4 -45 -71
-44 -26 -4 -59
-67 -31 -1 -90
-15 -15 -12 -68
-61 -45 -9 -60
-73 0 -28 -6
-68 -1 -67 -92
-86 -40 -78 -63
-60 -17 -43 -33
-60 -37 -49 -99
-61 -12 -1 -38
-94 -29 -26 -36
-74 -7 -34 -57
-56 -50 -22 -74
-36 -22 -29 -65
-49 -45 -1 -60
-98 -61 -11 -64
-77 -34 -68 -79
-94 0 -50 -12
-68 -18 -19 -67
-26 -95 -3 -98
-98 -34 -27 -38
-36 -32 -6 -66
-38 -10 -8 -26
-38 -50 -28 -77
-64 -2 -15 -96
-82 -49 -72 -94
-57 -36 -29 -41
-11 -27 -1 -62
-85 -32 -57 -98
-65 -2 -63 -38
-80 -51 -2 -64
-71 -20 -41 -71
-78 -5 -14 -94
-80 -93 -54 -99
-89 -52 -56 -57
-92 -89 -2 -95
-35 -17 -30 -52
-97 -60 -17 -74
-65 -22 -7 -61
-88 -11 -16 -75
-66 -7 -51 -23
-59 -60 -16 -61
-67 -10 -24 -37
-83 -21 -42 -31
-73 -21 -50 -28
-51 -8 -24 -33
-93 -7 -38 -29
-85 -91 -77 -94
-97 -22 -7 -95
-81 -45 -7 -73
-93 -88 -67 -99
-79 -54 -13 -79
-64 -88 -55 -95
-86 -34 -52 -89
-65 -23 -42 -54
-78 -21 -55 -57
-69 -70 -8 -81
-96 -29 -68 -70
-89 -13 -71 -47
-38 -16 -21 -30
-26 -13 -2 -67
-85 -40 -45 -85
-66 -28 -39 -49
-98 -38 -65 -43
-84 -15 -68 -18
-97 -5 -63 -99
-65 -14 -52 -44
-93 -12 -56 -37
-37 -62 -27 -69
-98 -39 -4 -99
-94 -62 -91 -93
-83 -20 -80 -24
-94 -39 -32 -91
-49 -66 -48 -86
-51 -37 -42 -67
-61 -20 -2 -59
-52 -47 -41 -83
-85 -4 -41 -86
-76 -48 -36 -59
