100
-38 97 30 -77
-52 2 20 -27
-61 -4 72 -85
-38 35 -34 -80
-40 10 22 -81
0 42 53 -13
12 65 66 -88
2 58 9 -99
14 12 97 -67
-81 84 18 14
-66 7 -14 -23
-81 42 0 -86
3 94 27 -57
-15 -29 74 -99
-15 -53 26 -94
-94 5 -1 -90
9 43 95 -12
-93 -61 93 -64
29 59 67 -86
-70 18 90 -9
25 42 72 8
-17 -15 78 -60
-17 6 38 -48
56 63 73 25
-65 27 76 -19
-76 99 -22 75
82 60 96 -53
47 23 58 -18
-67 73 36 -27
-27 79 45 -56
-21 28 34 6
-58 -21 9 -22
-45 -55 23 -64
57 10 68 4
34 -4 83 -92
36 -22 62 -92
75 70 86 -14
-57 46 -30 38
-25 19 41 -58
31 44 38 6
-35 86 97 56
-74 14 71 9
-89 61 1 -49
76 73 87 56
-81 32 -48 -81
-74 -2 12 -77
-49 62 -5 -83
26 27 35 -60
88 -11 90 -13
16 96 34 -60
82 97 95 -30
-65 -22 -58 -47
8 36 21 -23
25 82 71 -82
13 10 81 -37
-73 89 72 80
-2 -46 19 -70
-87 40 35 -61
6 -16 95 -39
7 -13 14 -89
15 34 16 -48
-74 -20 37 -41
-60 85 -25 3
-84 85 75 -81
-34 12 -23 5
14 39 83 -24
-61 79 -15 -82
-32 75 83 -70
-62 84 39 8
-61 -60 -59 -65
-65 -44 27 -50
-32 46 98 -21
-53 89 48 -79
0 25 12 -94
-59 -69 -27 -80
66 93 99 -56
-86 72 -66 36
-39 -43 -4 -90
-55 -71 97 -89
48 18 63 -41
1 31 22 -96
44 -22 77 -83
21 50 54 -87
6 11 75 -73
-94 -36 80 -90
-55 92 -7 50
-57 53 35 24
-10 -33 45 -44
-93 -45 82 -85
-85 3 -24 -78
81 18 96 16
-72 38 19 -89
-83 84 85 75
-64 -19 6 -37
-81 -75 -49 -87
-37 5 52 -54
-28 88 52 13
-93 82 35 70
-93 63 -16 -92
13 28 81 -70
