100
-91 65 89 -1
-58 98 19 -79
43 -6 52 -37
-4 -6 33 -92
-89 65 -28 61
-5 53 34 40
7 56 39 18
-8 -28 42 -52
52 74 57 -63
7 -4 54 -72
33 81 68 33
-88 77 -7 -5
-31 5 18 -49
-25 77 89 7
-30 -79 -26 -80
-26 74 0 59
-45 -43 -40 -86
-81 -9 -40 -35
52 -38 77 -62
-23 -67 35 -87
-75 71 1 42
-94 57 44 28
-46 76 96 -22
-69 52 -28 -86
-83 73 83 -5
47 51 70 -66
-27 90 30 68
-65 7 79 -48
-20 39 23 -93
-38 62 10 50
-94 69 10 59
2 94 65 -57
-39 -70 10 -86
-17 -68 78 -75
-63 -25 71 -66
-37 91 46 15
-33 42 -30 15
-39 81 14 48
57 69 89 -88
34 -37 57 -86
-67 67 -33 -11
12 4 85 -76
-41 48 90 -86
46 8 79 -98
-33 58 35 22
-82 21 69 -87
-91 25 42 -51
-56 10 70 -13
-97 55 -71 40
-19 30 0 -96
-91 -20 61 -95
85 -35 91 -94
-89 69 61 68
-47 -17 11 -84
-60 -10 -5 -41
1 -66 62 -78
42 95 51 15
-97 85 47 18
26 -3 62 -96
-76 56 -24 -73
2 63 98 -19
48 23 99 20
-43 23 68 -19
3 83 82 11
-72 -10 -41 -38
-38 28 16 -56
4 98 34 59
23 38 86 -85
-60 -32 39 -59
-97 40 52 -1
-16 92 -1 87
-35 25 77 12
39 35 99 -36
-33 -42 -28 -88
-84 75 -6 68
-13 52 41 -72
-59 35 -38 -15
-8 47 30 -15
38 51 91 -75
-84 88 59 -44
0 97 40 -30
-85 30 -39 -17
-22 90 67 76
-85 73 -48 29
25 -80 53 -94
29 81 44 44
46 -20 76 -76
3 94 65 -6
-86 52 -49 19
-53 81 -35 78
1 82 8 27
-74 36 -25 -14
11 81 31 34
-88 39 83 -9
50 18 96 -26
49 40 83 -51
-57 -40 28 -97
-74 93 -10 22
-31 15 38 -12
-44 60 49 51
