100
-37 -67 30 -87
-91 83 -2 -80
-70 -25 54 -82
17 55 50 -96
-77 9 39 -94
17 28 19 -35
-55 -67 31 -87
8 76 40 53
-97 53 89 -25
44 82 58 29
-46 0 87 -64
35 -12 37 -44
32 29 50 -76
-31 99 59 78
-36 20 67 -15
-38 54 51 -58
43 -89 61 -95
53 -54 83 -84
-46 -32 38 -93
-70 75 85 16
-43 66 28 -24
-98 -40 5 -85
-33 85 -26 -26
-27 59 -11 7
2 94 59 4
-69 -35 18 -94
-35 52 -28 -89
-43 96 5 1
58 55 74 -4
0 -48 47 -98
-77 7 -18 -70
-88 59 37 -47
-50 -10 62 -38
0 -65 37 -99
2 54 33 28
-38 56 83 -30
-74 96 75 0
-39 94 73 20
-13 23 30 11
-71 55 -52 -71
75 -63 93 -89
-49 -29 -13 -43
-74 34 -15 21
-84 -3 3 -80
-84 72 64 15
4 -47 70 -49
-18 66 -4 -16
-45 8 -11 -30
-93 80 -23 -39
-51 99 85 31
8 97 97 -24
-89 75 18 -34
-51 38 16 33
-99 53 24 5
-90 58 24 48
-53 6 33 -12
28 54 44 28
-73 33 -58 24
-55 -5 58 -71
-98 41 -25 -15
-90 -16 54 -87
10 84 35 11
-30 27 23 -60
-77 83 -47 -99
62 -5 87 -15
12 16 64 11
-94 88 -27 67
-12 42 76 -80
-37 68 64 -31
-18 29 61 -83
-96 -4 46 -58
82 88 99 59
-86 53 38 -47
-92 91 -59 14
-49 62 -15 -97
-36 30 67 -52
37 -23 79 -88
13 -94 81 -99
-14 65 66 -26
-73 74 22 67
19 23 60 -85
-51 17 86 -25
-26 -85 -4 -90
17 -62 79 -78
-13 35 -8 12
-37 99 76 -20
-72 -21 65 -26
-9 51 72 43
-46 15 28 -6
59 15 69 -82
10 -34 63 -37
47 -42 78 -55
19 -36 75 -89
-89 69 66 -3
-88 29 59 -21
-33 24 -10 -38
-55 14 53 -12
-45 70 39 -81
-48 -29 -9 -88
-87 93 -9 71
