100
-31 15 -25 -16
7 -64 27 -68
19 59 67 -59
10 45 80 -71
-99 13 -63 10
-65 94 15 15
19 61 39 -25
-70 91 -58 -35
-64 26 13 -58
-5 31 6 -39
-99 96 -50 -22
-82 95 -63 -8
-63 -46 44 -62
-56 -51 50 -78
-55 76 -24 -61
-72 42 18 -59
-74 -7 64 -70
-65 -40 -29 -92
-28 21 -19 -96
-50 42 71 -63
-50 -14 -6 -30
-10 18 48 -16
-50 -6 98 -89
-65 54 86 -11
-45 25 97 -95
-70 19 70 -36
-81 56 -69 1
50 61 99 23
0 59 37 6
-2 94 34 -74
32 10 48 -40
-88 35 -45 -29
-20 70 74 -52
-79 2 6 -67
-85 37 -20 28
-99 70 13 -78
-50 95 -46 -36
32 10 68 -3
-84 95 -77 93
-14 98 12 3
70 93 73 19
-62 78 -19 -89
-7 34 23 -46
-5 -27 61 -35
-57 34 84 13
-19 59 -15 40
-8 99 37 63
-96 71 -55 -16
-97 44 -69 -94
10 77 42 43
-3 61 60 41
-43 4 2 -50
-43 65 -16 2
-32 82 15 -17
-43 94 93 -32
-89 99 -39 92
-76 82 -63 -57
-72 68 20 -61
-53 43 43 -26
-77 -67 -72 -73
-45 69 67 49
-95 49 -54 -73
-98 -8 -12 -66
-52 -26 97 -48
32 77 42 -93
-44 53 72 -16
-67 94 9 -20
-55 -17 31 -55
-68 50 81 34
-11 85 29 12
-87 83 -30 43
-29 -37 -25 -90
-46 52 82 38
-18 86 -17 -55
2 20 11 -90
-68 36 98 -24
-85 45 36 -18
-91 77 -11 -59
-60 78 76 -64
-20 2 -6 -20
26 46 27 -54
-44 40 35 2
-66 68 -25 -26
-14 -13 44 -47
35 59 86 21
-51 -27 10 -40
-82 84 33 0
-22 80 37 63
-59 56 -23 -27
-48 -65 -23 -96
-99 -30 -6 -81
-74 71 -9 -26
-58 23 64 -81
-93 5 -55 -6
-61 53 59 -22
-39 48 82 -34
42 45 75 -26
-32 98 -23 -14
-46 18 -16 -40
-77 28 53 -84
