100 43523672473
2057738973 2070336306
50715289 2144612444
395681691 606935103
1398916461 1657654844
1910296096 1965262292
2060478479 2088272439
1290943234 2089313935
1471585435 2096013436
1520665341 1551028629
1892722047 2042918230
667182806 948636569
1824949808 2012930235
2014315834 2117381348
2064144206 2111340407
1499771028 1896381411
554933202 2078553325
671029310 1824301956
2050061630 2113471286
305422404 1825539159
1433446970 1565564012
105495365 1191458571
69287126 1991787028
1087227348 1635710279
879270261 1717559098
1968090498 2023219143
802683157 1586155673
638486648 1537297301
1166342423 1591639516
1445766989 1816442297
189213617 2140598661
763859249 1361252007
865013200 2057074856
2044741122 2097344623
860408783 984696256
1923072466 1961535621
1173870453 1513796571
704993214 1220262556
410728438 474945383
1149875489 1943879091
1389588587 1542310107
1489610496 1523880479
882071681 1929960278
1977864856 2055987189
1817916209 1982216005
1125185857 1722763033
2128766841 2142686122
1015840583 1838832523
1381406906 1652424387
1684001744 2063961982
1306545891 2099321314
39061586 1093290514
1362743344 1630005321
368033145 1599551780
932865306 1259593615
89908929 2079860224
756513450 920774939
464601688 893649355
1860142576 1912051739
593490235 744777997
1009232793 1245662703
739016497 1774105801
1986551559 2120793426
82209875 862376368
1823090713 1833786725
436378987 1274805582
821264400 1816313365
1542184117 1823322566
534762173 906880222
571820366 674562980
1429700200 1542961549
1909987918 2063398827
121953232 1132204112
1296361907 1332325857
1045247066 1078144320
1645565531 1647607799
1357191404 2136061725
1817584025 1894556136
1147930070 1287713348
735062243 1955200548
1756069322 1759630788
815792073 1668386864
376846381 1798003800
1917859689 2044473984
777537540 1939941544
1101294547 1298341654
596500360 843305167
1801137995 1977727001
1496074055 2028509315
2091171991 2101899243
871285909 1986941509
1635708576 1833630200
1408255351 1552395476
347353089 438454299
815411365 1129708213
1111704119 2115898503
328278450 1342824254
1856835454 2030760245
1132139316 1911717555
46871953 2039432742
1474177808 2017298203
