1000 393899143378
809520379 2049529359
1811288079 1883249318
1871978916 2047327138
91036397 2050773169
549076496 1038030810
910705201 1638566648
267129033 1558325871
1787222914 1971791350
1706091614 1981952789
1771271405 1839342790
770253703 1416717701
223304222 2095735645
1365863002 1442638308
1251502261 1622820224
406725658 686870181
989439168 1070930584
1209200384 1692348543
272902043 1913463018
87030152 441576646
1754876952 1841570601
910999165 1602914322
935360780 1534314138
1083902105 1597333988
123715005 1775791262
607413906 680936510
876783372 1911697824
1350393966 1714850667
1026496782 1272694398
1327277992 1614724631
137843917 399318614
198907635 1532706613
1894498681 2085627802
471326046 717868549
2041265659 2080989269
359082361 1381044731
1328751996 1771464111
970540229 1328064725
1062295671 1558786981
1463158214 1769915052
762181207 2128301073
237779517 1680780769
896063140 1903953028
1520834510 1875607208
1310259517 1502440218
34476930 1611932692
555894775 732722387
1742423299 1981803539
69473776 1148937295
351259083 1905452195
581942990 2053291537
1315422708 1380599228
877969914 2104941973
1505335257 1604803585
790045105 1161601002
200562863 1356387314
1492449480 1634491587
1185116858 2013879468
1916317356 1955916448
160870825 1973390586
701069483 941236411
1715522818 1829646078
1541939744 1960313662
628463024 1328787994
621528620 1852070935
609888291 1030904136
1841425905 1926008174
937604960 1561794719
4320638 618963895
1596838760 2137137596
733963743 1408083596
122337603 1110727953
772500556 1462890781
641269446 1114141641
1961113710 2105953934
773223190 869589211
111921178 308375966
280163149 1368148048
1118906703 1252549556
1885915473 2061262890
1523683292 2082331470
673964548 2004301304
2096234476 2142809823
98422337 1841727645
2113817150 2117411762
1858549544 2094119929
69256401 1539873768
1630768334 2017952018
124050940 2086174464
158881740 327253243
2034101200 2088646963
383137595 1079568710
1339137181 1556040094
1963870954 2087970558
829740138 1312931064
248313536 2120540106
659936971 2052290934
1159609052 1690471074
377129425 1266962168
211732363 1078980911
1317283433 2085880386
474483653 778222526
1691680414 1751974145
417887364 1245173234
918060330 2138718725
140240111 1888631914
993487205 1153002961
511611909 1998405163
379790642 1127676055
83669269 1088175925
1503640819 1977637251
730387924 1333989271
1772688252 2101562114
957221237 1023107703
2016298546 2061515842
1021713371 1074511276
47035674 285228019
1168534725 1424212422
1704220617 1768855689
1406809099 1422699733
771181414 2067244395
551965903 1052906422
67246640 1882037663
1059025910 1331118594
1204176843 1456280573
1906548287 2008991460
144635781 580736785
114789903 1666266455
219809760 1154107064
1273893441 1356194138
1377202093 1860734233
2000999419 2138226230
2101542960 2125716866
1043883816 1518486064
283507643 1392654072
2145597889 2146547200
1832763439 1916000947
805710318 1373706279
2083455767 2107117908
1632462506 1708808303
1628283153 1873924133
2129582627 2129878060
561623144 1968301175
945418056 1280759608
1868017308 1987384507
1888291512 2029711030
129654680 330935903
1862853150 2122696161
362752755 2137146321
1800585579 1985943113
1658425610 1917591363
73473362 682923923
730585704 1998217905
588483716 1673967784
1359208103 1451852748
985086312 1623945302
1558393346 1766579736
2120375706 2142206828
53622242 1898252237
1311076844 2096972215
491422069 1771384441
1536697937 1780795828
761899390 1595174851
2101449615 2133030165
1380420079 1906396416
1808698555 2008266494
1527222080 1550512439
1858882086 2136854751
1240132684 1760169283
2006853757 2086365926
1916799103 2043081591
1223795980 2070887301
1983592303 2081287830
1164649993 1707624631
1005942908 1428685956
487692831 967127356
476242112 2051206096
873452264 1989342944
1011904599 2143104576
1273775840 1573053426
912382104 1243094628
705312523 1118327496
597973779 1194269726
54338127 2033634530
1736716013 1876893257
1800986707 1818045947
1324010239 1810548481
1892848418 2142317597
1306840892 2004618921
1499806928 1559619437
232823885 449887748
1620450617 1869030270
757724113 1450224927
2016085504 2079493139
1792820841 1922857559
1405322019 1983211633
393433677 1990255736
421837937 692462505
2080889783 2096482840
922651940 2074132125
448159963 1568091601
1539485019 1586892869
244295828 2112595992
1775291286 2023645660
1356372014 1744907067
1953273320 1957981902
609451261 1049490250
1376927890 2100733584
532868368 710677615
521173056 1911470256
1330215984 1449150291
1522029728 1777391635
123321658 767293734
1833741847 2132026180
833704865 1858410124
2003179523 2018561120
410153459 990671638
709840209 1629027497
2117605854 2123510196
595776544 1393109469
1568879868 1654792590
1210553087 1792349840
1655339506 1829752741
687159736 1529295876
807234257 1407231531
1669232613 2134832445
2128180620 2131545924
1162093801 1696972449
1184994348 1374620745
695627424 1269626703
415632914 1257981245
1950350562 2080540739
339449432 792978170
786251783 1910913564
67693507 247696812
1806572217 1931052655
395171707 1344478848
86759025 1555039166
1909629520 1923660565
1126713827 2076070044
670907242 1108478640
1895388251 1895737188
93623263 1323227155
1774311437 1987598509
1474278035 1752827414
2063191633 2089801352
1207935694 1371425655
651593030 1574558604
155423388 1660723917
517221131 1802437031
293580885 1458245855
1063776089 1329497053
1689271066 2005349830
870866378 1573258692
912930579 1858660479
73377825 182229754
1225572265 1283583683
1887726068 2118953805
501851003 801946977
1871606903 1890226961
1091939928 1211445307
2129802354 2137233658
1447187014 1649231169
1877391493 2074007030
11705454 184291196
653954351 1139875191
56405306 1358873341
54811127 1183971031
1613208669 1762947431
649227821 1933949333
1654016728 2032243678
209997951 705174975
788733699 1456433355
1626598809 2095642545
1241749957 1305136793
70700485 901629257
2026825926 2035924682
2097070837 2097767596
50945190 1041430942
151862475 829404187
2105132616 2146318636
1698896065 2004072341
763702153 1320926269
1130752107 1476496696
1353094976 1515656349
1113346484 1531213025
284264928 594826637
971433266 1398877839
828264484 2049047059
611101938 1188757566
805092604 2077890305
2120526464 2140652789
8949947 1131938364
2048305753 2072854292
1638704200 1984218667
1163102631 2091798446
583603130 2088919615
639526023 1924538963
1483900741 1861574462
949519036 1137882548
741017864 1974384834
1165823606 1301258998
1265098007 1724819035
1900873361 2121447661
1886653689 1926187587
1095924300 1619547704
926331476 1986367264
2037176022 2051261808
1713097090 1892408005
866562012 898474542
1097096259 1741203295
1520777214 1605760138
620459434 1439155587
577324491 1952852806
955832834 993465719
1164915791 1330234089
1573628383 1807215759
1964999522 1994374363
1502740433 1945007721
784225029 1928424502
1789003516 2131988027
1288954514 1467453183
1785284518 1851120039
1543031390 1725721826
832227107 1256840770
1326965260 2037703529
1779835371 1784955362
1830193009 2051081836
813939437 1984455329
589940588 1907208822
2044416422 2116973285
737886775 1262301000
629742805 1277542165
330397699 1904150619
742761011 1051760026
440043813 1457385454
125789800 1736502679
1837871047 1934398540
371432797 2089538583
886201044 2119248960
1469758150 1912814421
1215615766 1287428928
310944623 1678077807
761872993 1187025709
2013894988 2047250842
1085212075 1574208347
1817303066 1880155393
716378391 1202790947
323373282 1178967006
1622539460 2015306156
694558763 1657265284
1031812123 1450151980
1602277720 1932501994
256798535 944003725
1400067338 1615745009
1300364771 1465198179
581096493 903953547
1755742369 1938484486
249971137 1378919248
436198899 483343612
2035180529 2044639618
2041579399 2083415077
257616485 1878062086
1401398727 1862435359
312737607 2054576657
1800512598 1986762249
885117020 2135914851
2008750224 2054455369
911879638 1590542914
1442143011 2144302775
1665225513 1771075646
233892114 314036027
241047654 434450082
792372906 1522454237
1109226014 1711400715
1627262068 1631020274
1518507053 1607523442
1606044991 2073919170
205248649 1416631244
329567493 1315940454
416554039 1664104114
758703778 2088711370
1177229396 1989055105
640508326 1919353544
223409612 1690465657
1837664827 1861887884
1162916455 1339715615
443795797 1884509168
248300423 1755832818
1029420266 1189671345
588816656 1526033376
411856158 1590455714
2078918564 2146896638
225586556 313243178
792740574 1903154651
1976577841 2058022220
770709011 1173766362
1701369931 1991746772
815335983 1578310993
1049551366 1937615107
1855492180 2136089278
1679843440 1951202267
1724394742 1816994155
1747758889 1805776413
1846720117 2071705199
355388007 1811061035
859972446 1537074892
324661651 1109959506
1016263317 1587134589
912978889 922918216
1580902617 2106756319
850401747 1720335767
1629823946 1725576676
1283280625 1816936641
1821036924 2055737479
1173182754 1388920147
68527634 264730624
1838259157 2122746258
510662131 1725084666
453792764 1259803613
330873702 1132448290
267963758 1749187928
1056943430 1322509129
1916384096 1968696858
620214650 1488011409
410694245 2074207238
804673347 975927620
438359664 930915848
2087361526 2095829401
675627857 748609837
2026578894 2111175504
33895482 1696085382
634505323 1350336099
178162860 281772890
1661067249 1996494703
1347926148 1873599048
1484271707 1585681404
996070256 1550999682
873589755 1843629608
694552211 1598064397
8825308 154671509
1122896972 1918128515
1821074204 2138201605
799833306 1894935924
1857256869 2077662900
831268409 1513765570
1455461061 1612703167
530506296 578389157
1885574368 1972671362
237625294 1153526565
754829706 845489236
1575103824 1905653439
1303705330 2101854375
1513767418 1670630022
1678339105 2140214142
1395210422 1740380470
888401185 995705992
1684108144 2022220735
372479766 798919850
910696927 1844545621
444616056 1828272271
1955219125 1986814146
463886207 609651898
990468075 1835351288
261628906 913659255
772184086 1311676875
893423718 938159223
1768597071 2074420004
142859757 320429225
304668386 1781774392
76786149 1647248160
719313160 1969973296
726271372 1841885327
85309292 846855896
423071396 1294489027
1976681429 2112725422
809857976 1101926146
197201712 1440526218
1751302207 1919963725
1949176812 1976743106
353578782 530715224
1090272405 1205598496
1544548247 2018930010
608430760 2057302653
3555985 1518143516
1176483467 1632781202
747119176 1989473275
104896171 1639044147
1080143450 1685754028
243167822 1652861578
932171299 1182031993
973435350 1801126348
1375359065 2142039357
1377641949 2144716735
71256373 1411687552
1877190072 1973736109
372569831 454819966
688011397 1786777936
360736717 936527892
951017412 1010276868
329295050 893124947
1668317442 2039971675
747521252 1187166085
536675383 1310168449
1441383267 2039469029
2050960915 2085662826
796996046 1112853966
1038476995 1119832770
714482468 806460041
708683037 1937868291
864932632 2146238836
1818346229 2029098196
1939083292 2055204872
1911595888 1972788175
591947007 1956666795
1419845483 1837528258
566289286 1410902268
619612136 697524094
1530238803 1962085533
1034965612 2079870871
162743458 1557778050
225471978 1621975571
1953287895 1956405310
1947461276 2085588017
1040884310 1675294643
81171817 129516261
1295806293 1427521636
327297572 1005748700
1129059496 1894398306
1440266943 1837039124
25530589 1908103439
26960498 2119038071
1007524095 1831967383
1276905628 1585170670
1406845014 1955650600
540693575 1847566268
875987183 1218418056
655647105 1681272096
505411049 1057564561
19591726 65120683
2021550229 2073737983
1879082907 2074240098
1859640746 1921004272
1075753425 2025247125
820531521 1179651847
1906426905 2034244941
1556927497 1698874739
1674983345 1873884958
1848566138 1994506939
898562031 1086494624
1790000878 1898086931
1417340508 1824164806
1002403281 1536704210
547467016 663382764
588192973 955194351
497541270 2019412721
2006406019 2069219101
2122017277 2122165071
161205265 1136214308
510793520 1562980747
968448354 1213054538
140041455 2046154549
632594572 1779086438
1122400305 1150630169
1787753990 1865828013
575579476 663714789
938179992 2020991777
143657305 490905053
859547860 1705892814
654033669 1416235233
575668388 2110197176
738538414 2018421000
540818318 2088301306
1349401436 2135901021
158504351 276692511
2138247947 2138901971
578877600 2075972000
254803386 1526251594
483825712 1156393702
354036283 1733797423
384869525 1137200771
242556500 1693027800
1885390583 2010476680
1714263602 2034539053
1420119814 2067855082
2144362693 2145526124
988870417 2040701177
1056470500 1237607519
1673038326 1679635835
2066532809 2127202085
2056999716 2126948457
794034024 1948633503
1124004144 1249254522
447991344 1119934151
1313832079 1618433582
1528766966 1569796593
822231304 1927441341
1838742521 2124027386
1225223878 2084179384
1434496568 1919907902
417561962 1110026606
1649285833 2046457014
1217150325 1432077179
1385647493 1650440804
583255373 1435669223
1671633398 1803553301
66023475 2029401372
2135411378 2142287442
900079290 1081401825
1630766293 1659972186
623728602 1338863967
510391164 836382563
564419791 2006374623
680682073 915509454
897919312 983698657
1195538184 1807007216
1552068165 1640238613
2136634629 2145613064
1800763623 1991523895
1927463115 2121347200
1015534109 1775396843
492340862 1343699004
480776264 1561936515
574125056 1057547849
1541004855 1734934902
1944740606 2114191045
2099282939 2112279987
885046493 1902468003
2112443961 2135744127
461706062 554189893
613877971 1288672406
1774137096 1779827075
1365655904 1989524313
486024088 1056395847
1881855669 1956925839
1597088064 1963141040
370278542 1090968133
1443378668 1984300837
1262858792 2056188427
474589385 887374095
1933919023 2114304258
1357475269 1370358205
1649367982 1854315328
556024884 2126122615
1633057051 1922758159
1358099507 1669629169
1901290797 2101110647
282029011 784560363
579135941 1950686668
1323601903 1776041375
2109667120 2135277520
806254322 1026318835
107801756 759955571
1019378433 1555738035
2139289244 2141220374
1067875993 2104994324
1698550538 1979552792
1165200450 1745032451
1323522639 2090985633
1932120404 2134753037
1995265098 2076987358
1135960897 2050902928
1884071963 1919641995
2082161610 2107791813
770982542 1592149180
621241588 724185628
58347948 899957595
879837826 1806605422
593596332 1445244896
1326989078 1698652807
1116320345 2091075424
1196457883 2015974009
1919798152 2075618984
2054229716 2103492158
1427198653 1598366478
1650040321 1761980880
521816155 1200996851
1585038436 2013273536
738339237 1956621099
610111736 1311645034
621860390 1158413500
965301583 2081412926
1685163945 1704764487
1914703621 2126406376
2138089428 2141916709
2067419023 2089501995
1687577853 1905009705
142203401 486146213
980409585 2022764594
250250133 1124822035
363166715 1539784889
1974004403 1977169424
991371902 2009953241
362627935 1717600707
1418808573 2104659349
633232510 1126696059
834645246 1248865667
539959031 979276737
501826926 732746219
1325546224 1381361215
309299402 528434352
761207213 808619874
2065086705 2122950233
788663215 1067591197
1192643020 1304759549
169485714 1825611401
2093819594 2102520134
760052967 766267053
422470523 932224538
143985982 2095081934
397565111 792441364
107109566 142429012
743337719 791562245
822903268 1779454785
267174115 962507545
1314924801 1320836824
1260656703 1651036218
1547181209 1781533314
1034288682 1450295168
458290601 1749114490
1573272252 1658514400
897358563 1351817991
1344347900 1663461862
1463078007 1870415496
1759699355 1877237519
373591226 1850477321
535754443 2082510420
1739965252 1810262882
141523906 495124659
1619162492 1758334203
57442599 1362150139
19361364 1866075650
2079246303 2081158014
1545608799 1845355852
1602444892 1979546982
883103733 1220251012
2145986043 2146578407
847697266 1132127807
1585255841 1760965607
1056091294 1908313382
1861512169 2135424814
1620504140 1987657087
79013434 886399420
1821546189 1948970977
980001366 1609433796
2038621950 2041445890
1553515015 1813202152
696820008 2114645219
1800370600 1952741131
1018060966 1463174538
1605686165 1890136208
177438563 1524033450
312007712 1721143923
1916288825 2145064212
159159775 2082022906
1886729655 2099588196
1433268671 1909652103
1189847547 1605727374
267719086 281211749
1721368489 2086134686
684426025 769074900
14023572 125284200
1413660975 1539651613
1610199245 2044086809
1012050566 1290326493
837058464 1399311485
1609214135 1850267285
114407498 1460109568
955770251 1739664204
1468271133 1998900458
919089954 1612151818
471179145 1677349190
1150140410 1897141180
424837880 511743576
467713635 1858674805
1186228853 2127301520
2104777157 2121071315
1690113610 2121831785
992391613 1130192216
530278908 2047719706
1367416871 1827978466
1110227540 1124548011
895628962 1953543539
354342625 686528767
1113305269 1296184199
1333638088 1343308683
737359838 1941185474
135063586 612387413
1242461288 2067117723
49095911 226740545
1283501156 1966137484
673083639 1592226120
866609301 1494898700
1572161591 1842055077
2025484519 2125362124
1998567939 2090726012
772167846 1946589011
1743803861 2091332308
2094605852 2127295428
1940622234 1997247386
2080159320 2114182768
2105105625 2115692063
586689875 1150717852
1232614725 1543545009
2029383236 2084035316
502479911 605486080
1530732254 2093826748
2082817599 2120748279
950916974 1233049680
53483346 1258078539
1639313841 1774911729
611477193 994289451
718742889 1847764721
1856935793 2139465852
221252655 1595137611
472441784 1992233010
1040020560 1192234483
714416705 1235968395
1175434474 1221254010
1143086496 1364731841
1840291275 1941876075
1183675286 1805509753
1794315833 1945527323
832697874 1432992039
426585302 1444477415
1435180673 1480785801
1191945646 1715722805
960591396 1467539696
934575744 1587456632
11081012 1322575969
1831563976 1864339636
927916734 2017581470
1281111287 1525946526
727633134 2015664381
996659015 2051437934
282050527 1223839456
1736906578 1917069612
388823852 1995381316
714903341 908277678
969070385 991182269
1300075418 1960907865
1965482530 2082597814
1388546850 2122323217
1870707218 2008122195
1990926403 2141618181
1828790440 1978045727
369233342 402822690
2079844613 2144422676
1416760814 1488154642
1216948668 1398208299
2107432407 2136163563
1835183834 2024931645
359953353 1113082045
1170422996 1826500524
174399926 1623054457
442540646 1851196814
430381983 1426535065
103272158 1151776189
460691231 2114476564
2133878942 2134844663
1620239224 2114404472
590338439 1214501188
1809873145 1838497506
989053518 2112405859
2093102966 2098079281
1105469562 2068701038
1116725914 1692930170
910494221 1768176905
1074131529 1352946794
1263446426 1987075208
1722590004 2017390593
1737015181 2048891870
437607451 2055654172
1678515057 2046519211
409904973 821135858
1744566936 2054215876
742493521 1591481823
1747426000 1755439057
1335029995 1382513553
1343854842 1920908937
1194766388 1201058157
1148046651 1586319149
179621680 333344246
868523481 880032568
1062472334 1901782291
802581732 1068778341
814216842 877676092
106963434 1017642484
1930861473 2033060354
495771137 1741206791
1596392037 1922406302
219883616 931812121
1716506263 1723100675
217574746 1586663971
1761563449 1989859880
461015018 840585967
1294352613 1578787761
849149641 1964263897
1998571346 2033872556
142124555 739932845
1992562669 2096942767
1678164152 2068246699
1767392676 2094114740
1720338288 1992070172
1021320231 1931795048
1977999430 2131348877
976677133 1342610684
1441391013 1663097296
1689454465 1965329021
725809524 1451792112
401868686 2020389970
946233611 2091627705
1740564941 1805606016
1590879263 1722423256
937422336 968080272
961845550 2054875403
376553191 2050538737
2112619103 2147034353
1625312276 1775677188
415510231 892733453
2047424757 2076944573
1027088491 1770018414
1186226125 1427784683
1805132061 1812349903
2019392838 2098838820
752850952 1542673132
1264527058 1350721363
1836794998 1984182148
913253115 1345974222
1437699469 1478455634
231502424 883408397
665585057 896282992
242357168 639077083
940941963 1355351383
918611079 1773771049
370087452 1940723554
1440589239 1747526001
995447232 1796128523
388538367 2120125502
2018523392 2105736146
959375022 1770662071
254767187 1191319476
563379411 1076945471
144210814 1688574263
2064501158 2132402377
975842560 2069720395
1073332916 1989886879
877730336 2004049771
1693030431 1759413181
1495251613 1757260592
611952752 888720892
1940883716 1952383737
263048177 1375339718
486162773 564490325
1597269993 1768171008
962040973 1270801838
1486191484 2064755158
1305808420 1944706054
1798687896 2086075930
1250273709 1377979523
427361679 2119683239
1736110742 1839971174
570515436 1515096955
1476911335 1874118016
1723727379 2138572733
1841957970 1907781706
1192567596 1772077404
46193417 2062375669
1133487177 1469896786
1484129560 2049661195
687652836 1258694190
604394560 1540210721
1613822501 2098513388
758292102 1548898571
1800082255 2044066476
1290297222 1663180188
2126720520 2139124673
141710262 394203763
433762705 1279871606
686874937 871974273
1896248263 2070290084
1289844638 1520325659
384434769 1031040076
1941338721 2048436506
1773174456 1776401554
264209916 2013621503
1457673079 1715957684
873066827 1813751122
1686115890 2067643992
736687148 1942432030
1994266161 2114032552
1532706932 2029896526
2108191251 2135502035
34889526 2028396139
446219176 1809650555
1328620779 1901540425
1329323190 1574299478
280248580 1183173034
108398848 996841151
861790020 871629934
1435365012 2090267963
