50 19771739748
354226310 1591155907
1363651987 1739186105
463887279 1798361922
1734853902 1946308589
1084659959 1335546253
6830352 801112675
1257056390 1318731623
1704567339 1807435854
499708602 569467845
2142246382 2146115085
1879133061 2044407527
73164895 755469206
1068485466 1193444040
2044327374 2082334956
332458507 1816258698
268171532 2012067676
973084098 1621356025
736418150 1420366730
401383514 466232893
1859475132 1927118574
1675594194 1774012503
2080415579 2140372140
1620904446 2022575188
1247184863 1904184541
263019224 1160637474
1776007813 1850703959
1982486993 2128931376
879612932 1342665367
969205815 1423759108
2136408486 2140690068
57629149 252534271
1542092042 2143138997
1065175007 1597172568
1182041353 1904362125
476812280 1494086399
1195046735 1788055597
388001674 687275217
747769420 2045407538
744346651 1582351382
658448451 812225923
140969294 1773661679
1668634710 1848143470
1467486799 1927097880
1929938473 2138407688
874057326 2133615562
2064654698 2113566749
1896592388 2019757882
806509274 1138008585
1881506211 1924672371
148896102 1758322230
