500 112845384459
1986133003 2139191156
1916486012 1935786020
1271368788 1642620188
1138355333 1269847720
412310756 1183722769
474678009 1235859708
53186657 232823067
1524730999 1787064531
1100872969 1869304030
770938811 850165201
1681699503 1956103880
1412856786 1869053789
2084638026 2107437947
1631629325 1821816464
1228461107 1835505003
675149768 801381968
1018049890 1828886200
1268324668 1661705724
1379497249 1519293210
383411624 953934300
1752074983 1829420022
245459969 433007488
83608345 652339031
1230125651 1982967581
710398001 1241622360
619515368 1085220898
1669845702 1932065814
554949554 725553322
1683217153 2011520165
1779330487 1866960657
1171407281 2068170781
1272804401 2099784279
359187591 2102787813
120086874 963936690
50171234 1748078320
1475762271 2129841319
1728646459 2126050959
1156626366 2135808936
1608496096 1795062622
2092489067 2113221977
415138416 546583700
1000636760 1226158360
2004843766 2140416366
463751473 638023570
1135954393 1307590621
1167475912 1964068102
543447265 1219952183
1934603615 2029269774
736106330 1995519054
1747527585 2105560916
1476919724 1753609289
1488255438 2035295939
1373341883 1557915997
634051366 1253978068
1657139388 1930305580
1180981776 1979835135
232886592 1441454048
714043263 1515845613
1793899318 1881712772
2043369417 2051550234
1206931514 1716536689
504831725 1426110120
1010878476 1521890423
1542709715 1545093725
809981104 1860724375
304649211 1903106790
437207484 1602123018
371869930 1169695778
907419726 1008856615
1502393859 1812149804
1479636879 1839695356
1193723538 1695522191
639508899 1994806472
185522419 1905409245
1854274973 2000236152
1668483615 1991026274
1299385557 1546713582
686440710 1196900141
648908900 2087095119
732886722 1281114071
900997069 1918745788
1025979195 1647014900
548643368 993232730
191315030 616309633
566695487 1913954802
1079045893 1196989826
993689727 1133217255
1215533499 1627580387
1843151679 1922056763
1827212256 1906512278
2110147528 2133825331
91653798 1751069810
591946530 1155432996
314785785 1849549995
194076674 1636211722
849813161 1731505579
629354223 748188336
1965312474 2084589364
364390480 2105031390
1958113691 1992693079
41016738 1328063607
298825998 1651840132
1006902749 1815647791
1223617676 1935647705
1764432735 1995375481
1270017665 1556825420
287956133 459942135
1840272882 1903585814
916040159 1306100162
1330665794 1766312646
1844773598 1976767703
777186520 1669548754
1599451336 2106636083
669651206 1979715099
2107612686 2146780864
277444645 988268366
1662129972 2065471167
84859175 899729660
1555113010 2004295233
1149100866 1359314360
873613014 948191809
677922171 1305966677
1767250081 1991334891
889843557 1199138920
677055712 1663346040
956614988 1162782636
1764657109 1985017900
2077731583 2115145539
1338028121 1684190247
1306278866 2079206861
2107304386 2133861046
923931903 1000624921
1804312911 1938637320
821300275 897043293
73290342 883338313
2093215758 2133405242
1522146734 1940150782
585990651 849342556
1293544159 1347821812
1262884780 1717992775
1165006267 1284215027
145168838 1092729425
312619807 1489601914
664723457 1584989975
1611064535 1936368703
1141566265 1340055327
745582924 2116568980
576748010 1023352451
1059319454 1653406978
1698110631 1830784934
2067656970 2069431256
1697290601 1953778614
1935235832 1967723615
1480088635 2112253748
1432491630 1512847469
1977693668 2142328372
237949839 1817646382
170357053 331082842
1708054031 2024406464
2055543838 2113643261
1098863139 1384159768
1230197702 2140565577
1388703727 2053049642
424016734 1690707588
1571477562 1612290252
1761364897 1829349261
466738407 569620913
1423073373 1526155176
2095295245 2095297374
1738367125 2048955089
1222562363 1751599447
1713645247 1989723655
299297458 1772017936
759947993 1569945162
1100445032 2047004541
889832847 1963136874
175677095 818818710
1440047402 1872961606
1787391697 1862258581
1726989564 2061543202
306929666 564293285
1252600218 2125668844
1317977932 1672967659
1088487010 1945798246
1121602362 1672253483
1274068601 2088174533
1718841106 2078535649
571670778 1517392272
1767563768 2040405766
2044010028 2138710230
274079921 1226146612
768287072 1051210329
1075459813 2129902233
1649852812 1699184207
531996274 1129177400
1900844085 2014174306
342569704 1335625863
530914293 592891127
1272744190 2139489995
1666267505 2020540845
327782368 1349930927
1367787663 1959676074
959298428 1022637510
1992236653 2033460805
1585746194 1846510848
1673309145 1833451386
198560412 1032729894
1030828924 1915853049
867057080 1720398553
808118985 1789419030
374147480 1934800130
2028063216 2030894648
1843394493 2079995425
1488215569 1558032753
1573802057 2016496568
1344921036 2118315959
2033561365 2105742939
1986470106 2009621935
640579489 1439008099
1122439672 2099143738
1365671612 1851419107
1334167881 2103220459
859890698 1811969676
1288825139 1634375149
728042107 946172971
23422270 737118558
644690968 766749021
1042557607 1430269238
1988580223 2112607227
1428255755 2037433717
589849314 770969045
1309310393 1499974273
2115377492 2129022538
1902935388 1963032475
201282476 1421551379
1487987299 1656836498
1990290610 2143261289
1475884466 2134952068
2111327406 2116683724
1568434292 2000386903
1571699973 1767204792
1166766562 1743494213
1825263371 1841847331
805753005 1228226597
1699857386 1752060496
132477889 365067974
249173469 1075295316
1859073409 1961498559
217214030 1510444562
714398404 1532937056
1605516396 1852594184
1574711407 1929579194
1829192616 2071841703
1935313176 2093654778
606061183 1383858094
1658445385 2042174623
1568420697 2056615047
1770730886 1974570319
1375490281 1409303576
1025324175 1840876459
1961753099 2119314421
943397436 1219871905
1901731073 2063262090
411437803 476874882
1885605483 2036633602
235084244 2128207988
1261091501 1933544810
1731754307 1838143043
1121821319 1298438920
1315185519 1676892176
1696521874 1748743038
441387070 1101702607
3375613 875102907
2067095162 2136688995
386637604 1851177305
483384883 882162600
1369215754 1598095038
432205974 579084739
379614934 719873004
1958227806 1966169282
1159971197 1369526946
1546785087 1548596769
797614128 1793401614
55626552 916070437
700040136 1400860211
1350034219 1413772212
1859555906 1937307646
1657997069 1723058879
201481232 578385611
180109263 667713154
299689133 459517827
1829366182 1997474637
1066308647 1615843426
1740595275 1759274740
97393656 1463153523
15074981 1093409159
1341980486 2026256818
1430857 864044618
672065049 1528047899
70904165 1636698348
2055121479 2105798750
1430689998 2029303946
1811992686 2086883448
1046329461 1142827734
1706020323 2078483428
1505254492 1707327227
2093702409 2127199399
670875012 1831655320
481320118 882397018
1944003791 1955235741
1867836980 1978791070
1228408677 1863469365
1938275470 1984274796
199581022 1197210522
481253523 1187966437
236724104 408695622
1218660666 1266768168
572522960 1183893747
203917832 1769630837
1936090994 1942879256
1732683982 1805639109
1566665301 1601900365
1600936862 2110572405
556336670 818980874
731176866 1948943454
1675432423 1749411539
1936697381 2092496512
2055455566 2144971073
340230076 1655191618
52555680 454292948
1152049174 1384193121
468731550 1069323423
986619486 2052146898
1248171581 1748272408
1544615014 1658181613
1725085372 2047280921
1748665166 1928197680
1163571270 1237183442
984588661 1733159241
2039955303 2136314929
728488977 1801722375
1838370724 2135523496
1461435188 1687533107
1875968514 1880384440
1218724426 1644151762
1895694461 2052093267
430788161 714914650
77438431 1634609326
1681991342 1855795755
480309584 1409760338
419804197 1329718639
737862867 1187670039
1484167473 1649135858
711742401 1521379892
2022586438 2041340612
658185051 1064224088
676437323 1393851961
1761543490 1831494802
1543568938 1804454126
1228305491 1690342199
1294843277 1447887716
1322961962 1654499816
1683810517 1960044489
876027860 2131036373
384496886 408781703
264523129 1563418377
197300633 1631459535
189607039 771770349
1336315938 1353179089
929582673 2146674335
1563132436 1790584843
1950832649 2062768546
1741398265 1881022427
819552723 1749804446
1634049682 1989667132
322834490 1091715656
683401797 1022290800
249702443 1669705555
303914826 956139678
40303014 1525359941
1342903159 1405746934
2040471338 2146947888
1610669453 2043211596
1510852543 1524873180
586487249 956172455
46438178 1387627778
1269607508 1587529337
1606897832 1733543868
602990541 780710524
505140092 1902419697
1052289414 1859115160
1863610882 2052781225
775600071 2102573805
172000195 988101349
1900619057 2069029217
759462984 1907593018
1627507242 2003662739
572282606 1643424591
1408374735 2029241008
1101472497 2073526761
1546461950 1672366242
1242108805 1419846099
1325928423 1593463204
2143074589 2144583487
1696131346 2073427431
801895277 1594457606
499851108 1118296252
943162494 1800096720
1091328851 1261239689
1393655169 1782671552
1127752364 1582119878
1861412663 2048582881
1420814097 1785112279
862820156 1411465625
1457800058 1759819483
149229045 590320122
114848138 214681634
771489361 1291330025
980156210 1214970970
500463954 1236877307
623708215 1021272294
1055711343 1889421990
130422289 157855566
961946451 2022071319
1357087896 1645503967
2088981848 2128693595
1772574468 2088327035
83405130 485693980
1698389992 1874064479
1933381274 1948627902
2014195647 2096914602
883523440 1932103329
1149982631 1608327029
395793832 1769002177
314050843 864319341
189192096 220122352
637973197 704917244
1007639397 1403098756
38842027 1017078815
615009401 969815733
1162112763 1489860038
116945499 2007325898
2086633298 2101047397
1415850783 1843878216
533825258 1402326712
569896406 1004091739
973700582 1026599128
493965870 2120635569
1653927489 1817528734
2140363491 2142705072
1827987040 1931018506
1920112141 2022899611
1872304540 1909975089
846984713 1295146758
1678730280 2084425512
291160380 1052377987
370653676 487652943
279457078 417291280
648020435 1293912528
1942596131 2076162912
1633777631 1803604369
690896184 1291022236
499770836 532687080
591397004 2036129917
109654830 1136786280
498058087 1755889960
81837261 1135892457
1556876571 1829951746
308158682 1943133091
41115075 1993013788
1757009450 2102161816
1858663702 1965440367
1344645768 1722011101
1256182747 1594741497
1835297492 1931396160
1205191077 1269427431
125885508 1915117583
765915892 1283341637
2116681503 2138934658
333804846 1318576983
1037400054 1708492333
585488756 1016115384
2028709091 2099505579
1182892210 1850096352
1615266230 1710496527
1681307107 1906347561
323133954 900444637
2127691556 2144416942
1939939863 2043826295
1366464742 1675943582
1577894146 1883019935
767843581 2116305633
1075769058 1119042228
1748670667 1786921172
601204799 1301730466
454507074 1215184749
944579423 1582277909
1400416066 1912490805
108199682 591765440
250451422 881934290
