750 12679011186
1529744917 2048521739
392113091 2144469021
416816866 1577898243
197110251 1674980299
324914828 1612677599
1555743086 2008982497
947851511 1986459897
2121518313 2124519743
1110022434 2104077137
1587311612 1836144119
654125623 2077342452
182790362 1677049524
1810875800 1863959035
701949311 1143355065
1164121129 1525012590
1919186191 2130277373
678966373 1992966096
149487252 343103127
1428356456 2002990214
1759112140 2144368128
1846249123 1926501660
1595118787 2105865057
200993241 1163390177
331308618 591204028
1029829170 1779083661
2091127867 2098530139
1085435411 2144685476
1642839138 1911358968
520993617 1547255514
560404996 1582360300
1393056595 1688238810
1706759892 1884606811
1006923557 1955443569
538000060 836567997
1233422396 1630652969
1877254781 1944524928
797403440 875382794
968238666 1336836738
963629724 1868097630
80475057 2125253416
1527817317 2030568754
1157108295 1727933553
879541469 1381861333
474163268 981158058
631020290 1140750087
1948177296 2107306890
1376775948 1390027750
563357998 1423879826
1486277913 1763496121
1358663141 2072635122
574479094 1175417633
1632613333 1796638972
1549044959 1786708785
41654391 1015781081
146271234 1716656088
1814703873 1990928324
1931243560 1977312838
957168465 1166237446
104492481 1788856719
112130563 2014121953
1195642382 1862580936
106486050 1958267381
1704588692 1750575881
392646257 639740222
1082465579 1166287701
1714743175 1929571428
1512025044 1673821331
1404600110 1741548038
1392340245 1702514014
2125479545 2144100022
1788250961 1910839667
410356648 676804953
282629286 2086731262
605885999 1947949786
498633706 1520457231
535160433 1030388869
1605425497 1935202697
2031293213 2058881704
580827943 679223899
459617525 2114795075
1210786588 1656194288
731949727 1807348073
1479986829 1583863668
99465406 454766516
1754791970 2042595062
486230719 875283881
659871511 1670336763
1607103304 1735874974
706502803 1048286208
2030766998 2095162026
2018040335 2049389076
1358504056 1807292680
2001458898 2054681689
490713948 1845470809
2045948219 2097610624
714501776 836641957
954036589 2058115013
767205791 1386505869
1211943158 1434450794
232952034 1226636879
2077219211 2138486524
648582505 1824154471
1786583520 1997074721
772043551 1041451048
1511020779 1947886274
458913109 697631329
244808922 1820776696
1901569666 2028669164
1311995897 1902988057
336878068 1277504018
962401716 1992809470
352006372 1872637917
305451621 1430243413
1914620732 1932357823
1038523214 1043446763
1093393115 1605312506
2060990875 2103034093
1953288087 2094897425
1807738808 1926714384
205584265 1443511193
241226117 1434962282
384968282 1450139348
1645556466 2128128221
432077525 731921181
903939235 2115082816
546745775 1307252764
818836328 901211692
1158442725 1461930052
1009507900 1850794882
1432910011 1607851065
1390632897 1796729726
1642275180 1643993949
603343021 1642421018
1197000944 1676405600
1136400651 1760770572
1580366046 2053777426
1671535913 2103032717
1236170994 1392495305
793738729 1960521742
1658120086 1961373274
274027242 574546996
1408683651 1720621832
403335898 2095940637
496761238 2026120963
1334664420 2111064713
1664438410 1761561497
489134131 1920063728
932464673 1544317709
1604910091 1932004597
1544853116 1859090028
591681681 1714468080
271290453 1629727972
1709381493 1771603381
5135253 1963573884
400477334 1331833682
622693994 831708156
554358079 671251927
1817811184 2071516360
1682582052 1750886440
694924459 836408736
1823190706 2139457981
2036852258 2130129989
1316591516 1729993732
246160907 308181697
1329434109 2116233816
2106728350 2123741877
1120271095 2025494413
607143445 1737403416
1288317001 1661087632
836668029 1044633227
314122911 859294299
2122743440 2143003303
18734509 1628975589
303443840 1365952646
1976653739 2131331508
1904257229 2145728004
1356078301 1380883169
545295648 1617349987
1279354563 2071214366
366034725 1945187169
1240570011 1778168143
259915866 931117469
1104432388 1891700264
1460444396 1900961373
1525799063 1745149654
720240655 2116249424
1439887662 1836052261
2074374433 2137632831
1548392626 2134560418
824799590 2048929558
1238701217 1625824515
863524031 926545305
1904680661 2141055048
811533201 2076795475
280354786 1142265644
2131912684 2141761942
336764060 1486047770
55806755 1565357841
1261594196 1832463986
1450063778 1517574953
1894782231 2087930084
1917935096 1970925985
489061042 1687409033
1980459015 2075497450
522144825 1239679465
516902558 1304620810
2059314723 2119125942
435684671 2003148192
1883569883 1990036318
1963440 1432965527
696475105 881678401
1951690668 2030038022
352935475 862091305
2137544867 2141035930
1013391167 1298692298
174836221 434813996
127087926 1047651367
926006230 1785595113
1789538644 2102470479
300614127 1331184129
307014779 852408209
830651552 1347901612
1811723909 1954355862
343618307 1426296250
558427268 1997230473
231871882 529280081
140071841 735979580
1680725538 1718086256
1306713632 2060946956
496631325 1725499852
1553415900 2125563231
1829917681 2029521053
913334563 1367514416
262377121 362566781
1383135045 1599722980
336369543 1202346978
311917628 1478418943
2043794574 2082413210
70881093 417940450
671269467 1982140531
2030080737 2101239229
852034302 975670311
1800843807 1809213164
558863376 1723397582
1488130892 1610544660
2125311442 2139806389
1478782928 1634779873
1709983889 1721426299
1292309339 1309878253
1689657648 1959798606
1220931272 1565191971
1679909704 1695956220
328595281 350079352
1346765435 1398520785
14903344 1834974602
675817531 1211313966
1783487824 1918199231
1806350341 2143926561
229934762 683403124
23671792 583815025
1273161019 2130921980
1707581044 2024384667
314275297 2014287444
930259042 1875426711
418123235 2103851233
829999084 1215911785
1852523749 2048976649
861106792 1440518498
1586271080 1799846190
1133642731 1637876547
856625121 1308474040
554010327 1817701672
1413104216 1540342964
356858306 1060409388
1276595969 1716455570
1388951641 1920726074
632990164 734089223
1414466715 1809909411
721136985 1985528296
311322535 524984574
1349776952 1656534638
1400950996 1468959925
1041533996 1721418029
931739862 1107535008
170151206 787896633
626095918 1968424052
144438660 1643545091
2049199691 2100205237
358991248 1454268100
1990244405 2054861544
1561754240 1684204838
557193892 1117693190
1307888875 2096766523
345581454 421630716
546924113 1580588845
1466726420 1832349895
1549840381 1837462401
336445088 2071984427
725952956 736497463
365709431 826714561
1539785950 1722028422
373035543 1593443929
1413570990 1895864201
574761005 2000892214
1380396477 1740419571
1966717762 2009705958
642399572 1512421079
1242426371 1746035168
203859734 1671424620
2098858330 2116377817
1780963157 1827230838
236250947 1367204493
2006419349 2086176888
498974067 744959599
1966147839 2093868646
2127171613 2132541121
1631156663 1718752945
270813565 1018120078
749293529 1817644792
916462625 1309538330
1899347530 2113525063
962697571 1881441025
170785961 785634959
1883660781 2015276597
241280452 660488079
1911248366 2002542693
2133871843 2147174458
1253339690 2019616823
762614548 1858930912
123091396 1111304686
37213074 603819027
2010311461 2096569836
100699514 1815687036
1878291903 2135204399
948818673 1120833624
1655491013 1944992223
103841126 1112751326
1321967307 1960267215
1337416742 1591167253
187438950 282042088
250832613 1025581986
835096805 2037895350
1078483047 1961840817
1457508267 1942368784
1810279329 2099906794
1489579499 1814770722
1826809037 1907261938
556355387 755080438
410596975 609134884
397800752 952188772
1510855209 2138732278
1376289582 1923335875
1152470320 1299203668
1560705116 1904504558
983599086 1964750298
2038104056 2056512815
38893758 829480716
1235954090 1692404057
633374089 1022480351
952964036 1060080162
1054017448 2033038791
1888895771 2089903740
390548294 1081064589
254793383 629657266
81192172 214281781
1552808152 1712858685
1446728533 1790802192
552862568 1607973017
1053102675 1264396120
583485011 1366982148
512365803 1302161318
789617042 2069602245
327278790 1762109560
357669660 434227691
1791825592 2062752211
861501427 2015978774
628251461 1200916898
1830930029 2085439217
2038181875 2075080097
1576288248 2101045041
1527233791 1739829131
1997205919 2118784085
97097691 1090618257
2081871764 2134439461
1500046566 1548217868
1818347158 1905269138
466064272 1706487831
1022710939 2144019037
1799476364 1828553606
94146071 462033177
155035575 704526256
796365456 821275256
1554409316 2034645769
812129875 1473535609
1262684072 2136485637
1635117938 1734833906
1191169178 1481336189
1940670802 2120823458
996753154 2089266196
1686076927 2065621632
766697206 1908483147
349232910 1846676647
817356509 2029096258
998678288 1315152898
571790888 1115358399
1883300135 2006903068
711117700 2099857907
1689588504 1714618636
1083564043 2084343525
852140889 856994602
1220329063 1905696795
1623770545 1963264520
888074475 1432283558
244463085 2015225041
2125738227 2128317074
292900822 344581640
787782089 1812125267
796650019 1144310200
981351951 1708168335
1221458140 1687670690
890043417 1451917165
1389542764 1622991435
2117013074 2137058106
1811050153 2029642905
2143616019 2143663342
627319190 1465311032
2005360782 2068120368
432117240 1468062399
2124856170 2125120775
169767720 1399414977
362875381 2017519235
59804159 1550569609
650077436 1543431525
1430439988 1789065699
750930340 2089872433
955105882 1204351317
17019204 1347197267
468624461 1374865781
525509581 706443396
1033784449 1752340281
882459171 2103411160
1894198468 2060870767
1491960675 2073541137
924684498 2068557395
529239189 2053144884
1869926922 1898144886
10750029 1302212784
821944233 1409588885
116951264 1006022433
1318213426 1947674712
1246604659 1877939260
935388431 2076712504
500133140 1311651216
777372502 1952596540
818463350 973048547
1569184193 1954380744
626273064 2033616917
10309331 575653451
1897704741 2109618939
1168363931 1458839712
114495624 1607454694
257949060 2085649835
384765751 786315585
101536787 879641760
1002243295 1905581748
365588134 520700122
666798736 2043711788
626769495 1185776120
2053286131 2131968109
927637813 1835203263
842676579 1629187451
1530645098 1701060549
117731861 1565981700
1518884289 2068442720
175498196 1189553570
1106941608 1355570532
921253504 1649361884
1978237871 1996336405
359233249 2085894146
1091267904 1553552428
1793060667 2133582167
765364225 2121729187
1229431302 1625801052
1499066840 1846614341
1485549534 1545756759
1728407836 1824454073
633273069 1561027461
1301774669 1772868263
417347169 936293112
1354983822 1695904859
191266181 743912784
1081755880 1692078604
2105050272 2130070400
1895743649 2116074932
291496679 349074754
1899819365 2004068708
1379895822 2138154498
27022492 970645496
1587514589 1793353214
1545002319 1706745565
1832057425 2034308863
203742324 1381335611
669092205 957787440
1995007676 2017229208
1204305905 1552427484
1205383529 1639187664
861978065 1751441256
393836227 1402273094
1263327040 1538697235
182890840 1648605414
1279077999 2070278910
1862261862 1908194237
2093694142 2112371941
1073337617 1407267967
1274472717 1888747881
603318228 990797696
1299289561 1728633620
1229586180 1334168254
2007840702 2132387181
271236667 814532808
87306630 230682201
44599235 446386029
1275136056 2091055413
1104230525 1256740227
1812621771 1857918365
1349357853 1685469702
965873696 1116907400
252812833 1489517454
1452279853 1767541499
739538866 1790155921
941320466 1980903067
1356014601 1393760494
294195757 910733089
21495905 1450457143
1877347426 2101652690
1180566504 1736764979
1943407511 2014210852
1991113374 2005085884
100647270 1607128277
1757418621 1819176218
749891752 1931885166
2015002311 2136204454
1125241659 1738393679
1989822620 2139494318
406159621 1941029970
2000528221 2085893453
530381116 1225221327
1607471083 2037265137
954351924 1025972461
268290247 691800817
661905736 1190292481
921085564 1423969500
676188154 1394619213
24590374 730964276
1653154983 2065942064
125003025 1184957665
1405308437 1471226498
898872039 1630920113
495585530 908998683
54486359 1078054906
1151256688 1379076287
1224520858 1606965098
183483668 1368834288
1887016302 2057456080
1984564591 2089650942
296763723 2012782621
536406075 912657649
428934591 1403670158
885460950 1217586238
238847817 498418267
751963647 1005634791
78004960 959603003
1222254999 1767345125
1929153548 1967295427
1461015087 1769611032
751857309 911643521
157082079 277620173
439303132 1919873287
1348817819 1467669934
1400382830 1945930453
1224884138 1513789830
1914588466 2046458328
815466780 2091202272
1681496124 2027043767
1084472761 2132850516
819990699 1187505314
150088757 1742675017
1786205048 1925918377
2005753392 2067589214
32411982 1919666747
170109329 2057500319
1185274745 1724714545
1025597810 1606294987
2142043704 2146096582
1474591604 1649907418
559616467 1976213235
948811421 1055063776
949941891 2084861358
52359344 1963306865
556483263 1277893262
1243079751 1703266544
1125935703 1685603717
419948443 673233099
2092193814 2097063686
1885294125 1947085583
622215693 1681519283
1221835930 2042273892
716225687 1659635698
101349265 1124372970
884929051 1722285157
1811822762 2078280201
100403511 755673551
1538367766 1710263324
528261824 1981496091
1830236560 1999300955
1091329505 1962950813
1053614635 1610618716
765920217 1035868479
1821994941 2012927308
1517489180 1967294265
376997964 1350615439
19443901 498508324
1282921317 2037264752
1718219643 2067342505
178604129 1112484469
1234888815 1590742197
1947142884 2019344131
1785958247 2058407925
1270837917 1692055455
1063243176 2098236169
655512322 748607394
704600292 1215707354
764752531 1111273256
1303623869 1467929405
1440913239 1605070439
296483684 1801822646
1948275264 2119215671
1524421702 1825388239
1161883931 1992991283
413668487 954591063
2141228480 2143264458
920189384 1174067503
959114546 1525979322
961934102 1354828792
1856453495 2137876766
1460911977 1578569346
2068549087 2126252971
1505042739 1761526172
540425074 2047007034
723682989 1255985656
333515309 1988743216
1770786429 1799301816
479965872 1046650242
342380663 625656129
112659590 1076145752
1365233575 1764094947
762651848 1400278603
1225416882 1716019243
1590532809 1916898535
1685300369 1867534335
1103161642 1698483579
2090542476 2147345368
232079013 1177896002
875570452 1879208957
1846377493 2045982886
269732889 2075974510
959241000 1106875017
815502168 1820228626
2043682030 2106090993
1705992595 1712250232
664848121 1761441626
349472848 449772332
988827207 1039019693
75113180 226892375
1188882358 1805133746
1647000334 1792010058
1320362124 2129603755
2094954098 2127428518
1400460310 1598331190
450427964 1807753553
989080327 2029330518
1956074383 2137299215
549593542 1732330848
1905267034 2142263325
1320570134 1511881196
797426672 1370514239
1252679890 1903570853
831308844 1047454103
999478291 1942143708
2039341986 2081866216
613790151 1687045556
1835670323 1934124487
632425389 2127399666
222749434 1566026152
1259868423 1940339112
1233924991 1889374726
207521931 222816192
1521589545 1869396970
25809698 1319025029
47385414 1804325593
1630905641 1902899120
781236877 1842028335
150060928 941830238
1826161096 2133516367
1372159248 1394897752
930981124 1050069950
922987060 1875627965
1164033672 1298845669
1069999878 1544241228
601978992 1313823119
1116734426 1794282923
959446342 1139807450
1865364819 1946296810
2059345735 2063880692
1831252613 2138803333
230103426 999719727
827352439 1316281284
875884236 1475730147
732937029 1730194869
1169872459 1539392930
1708648004 1807475632
1529258002 1634005429
1167523743 1945829473
752515577 2141712450
50857453 2139988899
1927688481 1975652903
1791417031 2037203500
907860068 2024448518
1887283687 1959405715
1707945655 2061862112
1484291289 2063346201
677389689 720405306
1142333623 1603599601
865311381 1499121601
1959500417 2117799238
1266822115 1818224062
903584356 1997608980
760373389 985373800
1268787375 1286417854
1048771320 1310681175
1547879070 1892818810
759754489 1076846370
799553283 966442811
1258337461 1866727620
1431062657 1819675953
1536848797 2139863903
435912114 1041499436
1377926686 1630719674
196090448 1903911192
1780443445 1931865226
