# N     M       S

# Esempi
#ST: 0
#COPY: testo/ultimacena.input0.txt
#COPY: testo/ultimacena.input1.txt

# Subtask 1: N <= 15
#ST: 40
15      -1      1
15      28      2
15      26      3
15      -1      4
15      30      5
15      30      6
15      -1      101
15      30      8

# Subtask 2: N <= 1000
#ST: 40
21      -1      8
-2      -2      9
1000    1100    10
1000    1050    11
1000    3000    12
-2      -2      13
1000    3000    14
1000    4000    15
21      -1      16
1000    4000    17

# Subtask 3: N <= 10000
#ST: 20
50000   60000   15
21      -1      16
-2      -2      17
50000   80000   18
50000   80000   19
50000   100000  20
50000   100000  21
21      -1      22
50000   100000  23
-2      -2      24
50000   100000  25
50000   100000  26
