# N	    M	    K   S

# Subtask 1: Esempi
#ST:5
#COPY: testo/edifici.input0.txt
#COPY: testo/edifici.input1.txt

# Subtask 2: K = 1
#ST:30
10	20      1   2
50      500     1   3     
100     1000    1   4
1000    5000    1   5
2000    10000   1   6
3000    50000   1   7
5000    100000  1   8

# Subtask 3: K = 2
#ST:15
10      20      2   9
50      500     2   10
100     1000    2   11
1000    5000    2   12
2000    10000   2   13
3000    50000   2   14
5000    100000  2   15

# Subtask 4: N <= 500
#ST:30
10      20      2   16
50	100     3   17
100     1000    3   18
200     5000    4   19
300     10000   5   20
500     100000  5   21

# Subtask 5: no limits
#ST:20
3000    100000  5   22
4000    100000  6   23
4500    100000  6   24
5000    100000  1   25
5000    100000  6   26

