# N      seed

# Subtask 1: Esempi
#ST: 0
#COPY: testo/studioamico.input0.txt
#COPY: testo/studioamico.input1.txt

# Subtask 2: N < 10
#ST:30
2        1
2        2
2        3
5        4
5        5
5        6
8        7
8        8
8        9
10       10
10       11
10       12
10       13

# Subtask 3: N < 100 000
#ST:30
100      14
100      15
100      16
1000     17
1000     18
10000    19
10000    20
100000   21
100000   22
100000   23

# Subtask 4: N < 10 000 000
#ST:40
500000   24
1000000  25
1000000  26
3000000  27
3000000  28
5000000  29
5000000  30
10000000 31
10000000 32
10000000 33

