# N     M       S

# Subtask 1: Esempi
#ST:0
#COPY: testo/latenza2.input0.txt
#COPY: testo/latenza2.input1.txt

# Subtask 2: N <= 2 000, linea
#ST:15
10      -1      1
20      -1      2
50      -1      3
100     -1      4
500     -1      5
1000    -1      6
1500    -1      7
2000    -1      8

# Subtask 2: N <= 500, M <= 5 000
#ST:55
10      20      9
20      50      10
20      100     11
50      100     12
50      500     13
100     200     14
100     1000    15
200     500     16
500     1000    17
500     2000    18
500     5000    19

# Subtask 2: N <= 1 000, M <= 100 000
#ST:15
750     10000   20
750     100000  21
1000    10000   22
1000    50000   23
1000    75000   24
1000    100000  25

# Subtask 3: N <= 2 000, M <= 3 000
#ST:15
1000    2000    26
1000    3000    27
1200    3000    28
1500    3000    29
1500    3000    30
2000    3000    31
